0.755166 2
0.003835 1
0.829168 1
0.121587 1
0.287898 1
0.110275 1
0.084614 1
0.091563 1
0.079266 1
0.165272 1
0.200962 1
0.145784 1
0.092490 1
0.153890 1
0.121582 1
0.222881 1
0.125808 1
0.094731 1
0.097617 1
0.082632 1
0.153496 1
0.137453 1
0.078982 1
0.148976 1
0.065688 1
0.073160 1
0.126224 1
0.170750 1
0.116410 1
0.086801 1
0.059060 1
0.165271 1
0.090889 1
0.126989 1
0.094530 1
0.073237 1
0.061155 1
0.141079 1
0.045121 1
0.110549 1
0.091277 1
0.109184 1
0.120536 1
0.032769 1
0.110780 1
0.172066 1
0.080289 1
0.092537 1
0.004869 1
0.322580 1
0.140417 1
0.086568 1
0.137326 1
0.074963 1
0.120357 1
0.076842 1
0.101539 1
0.062026 1
0.102013 1
0.048841 1
0.106391 1
0.032409 1
0.149459 1
0.035640 1
0.145034 1
0.128446 1
0.058425 1
0.139320 1
0.205790 1
0.114196 1
0.131439 1
0.065120 1
0.140346 1
0.097304 4
0.478666 1
0.434972 1
0.145465 1
0.208708 1
0.195749 1
0.149206 1
0.121733 1
0.087958 1
0.031925 1
0.127282 1
0.093127 1
0.071670 1
0.098879 1
0.033851 1
0.256432 1
0.153990 1
0.121878 1
0.080636 1
0.098324 1
0.083355 1
0.039566 1
0.235218 1
0.172339 1
0.009803 1
0.135438 1
0.189220 1
0.111171 1
0.088495 1
0.168891 1
0.437392 1
0.083696 1
0.117728 1
0.060860 1
0.046685 1
0.094321 1
0.135214 1
0.375683 1
0.230723 1
0.129476 1
0.161912 1
0.063372 1
0.121956 1
0.077019 1
0.086978 1
0.114836 1
0.220289 3
0.441765 3
0.180517 1
0.743110 1
0.080014 1
0.098937 1
0.120541 1
0.119733 1
0.089900 1
0.100747 1
0.064985 1
0.256004 1
0.133728 1
0.173176 1
0.178900 1
0.069897 1
0.096619 1
0.055810 1
0.082287 1
0.072157 1
0.064175 1
0.152156 1
0.121396 1
0.185150 1
0.099909 1
0.133466 1
0.089942 1
0.091836 1
0.058839 1
0.061486 1
0.116347 1
0.124958 1
0.148856 1
0.044038 1
0.091592 4
0.482900 1
0.387616 1
0.509447 1
0.442583 1
0.060548 1
0.089455 1
0.173455 1
0.061239 1
0.119761 1
0.089244 1
0.064878 1
0.707382 1
0.069261 1
0.111787 1
0.102187 1
0.100430 1
0.112947 1
0.376378 3
0.564710 1
0.149349 3
0.617772 1
0.176231 1
0.097609 1
0.131687 1
0.155424 1
0.077623 1
0.150383 1
0.095147 1
0.053322 1
0.168248 1
0.048491 1
0.116832 1
0.149123 1
0.080630 1
0.136909 4
0.233841 1
1.076181 1
0.109321 62
0.708955 4
0.546107 4
1.021663 1
0.306781 1
0.160941 1
0.264601 1
0.148441 1
0.099195 1
0.133003 1
0.099904 1
0.182085 1
0.081117 1
0.178728 1
0.104581 1
0.129273 1
0.135761 1
0.075003 1
0.114752 1
0.104572 1
0.224496 1
0.098997 1
0.088115 1
0.062224 1
0.088945 1
0.073750 1
0.131735 1
0.098582 1
0.029474 1
0.085182 1
0.108981 1
0.093369 1
0.089523 1
0.181319 1
0.059539 1
0.053823 1
0.081379 1
0.118324 1
0.077302 1
0.052053 1
0.160950 1
0.111830 1
0.101038 1
0.057816 1
0.100271 1
0.329160 1
0.107330 1
0.142688 1
0.097376 1
0.094317 1
0.087943 1
0.055852 1
0.214405 1
0.122891 1
0.160888 1
0.057720 1
0.072226 1
0.090972 1
0.188715 1
0.166010 1
0.101008 1
0.103694 1
0.199105 1
0.065108 1
0.097212 1
0.059896 1
0.098941 1
0.114861 1
0.085204 1
0.110563 1
0.079834 1
0.112575 1
0.205259 1
0.184434 1
0.147008 4
0.422213 1
0.355770 1
0.178083 1
0.395955 1
0.076083 1
0.073564 1
0.087092 1
0.119141 1
0.087543 1
0.126385 1
0.079844 1
0.181503 1
0.047620 1
0.095399 1
0.076368 1
0.077545 1
0.033409 1
0.199267 1
0.155407 1
0.118273 1
0.063376 1
0.116838 1
0.197081 1
0.206316 1
0.040877 1
0.061879 1
0.169975 1
0.163513 1
0.066373 1
0.254662 1
0.127039 1
0.115356 1
0.260798 1
0.165972 1
0.269520 1
0.194622 1
0.056944 1
0.225547 1
0.203699 1
0.063122 1
0.098776 1
0.111663 1
0.316499 1
0.149787 1
0.086750 1
0.061556 1
0.085097 1
0.060401 1
0.172586 1
0.109662 1
0.102604 1
0.093672 1
0.110495 1
0.065434 1
0.160329 1
0.065985 1
0.046346 1
0.099092 1
0.110400 1
0.749341 1
0.143107 1
0.060515 1
0.061643 1
0.201866 1
0.043710 1
0.162023 1
0.139806 1
0.185982 1
0.118231 1
0.094450 1
0.124595 4
0.220466 1
0.333556 1
0.190780 1
0.358165 1
0.131849 1
0.067328 1
0.106593 1
0.108687 1
0.139995 1
0.124504 1
0.076271 1
0.071146 1
0.059693 1
0.043547 1
0.127407 3
0.746899 1
0.224536 1
0.098799 1
0.101801 1
0.091533 1
0.065346 1
0.112341 1
0.143528 1
0.059768 1
0.052647 1
0.108500 1
0.120314 1
0.564032 1
0.064166 1
0.037854 1
0.088665 1
0.104006 1
0.078007 1
0.121327 1
0.068709 1
0.065956 1
0.209490 1
0.099927 1
0.085916 1
0.070712 1
0.088012 1
0.058046 1
0.134674 1
0.049609 1
0.133830 1
0.103834 1
0.061339 1
0.196093 1
0.530431 1
0.156077 1
0.114922 1
0.169552 1
0.105371 1
0.113258 3
0.830354 1
0.127023 1
0.098079 1
0.311519 4
1.622320 1
0.756805 1
0.134692 1
0.780174 1
0.582487 1
0.088958 1
0.011155 1
0.266041 3
0.424435 3
0.146954 3
0.169021 1
0.214769 1
0.037422 1
0.133152 3
0.571305 3
0.179740 3
0.133032 1
0.113290 1
0.161045 1
0.514115 1
0.158561 1
0.124106 1
0.155299 1
0.058386 1
0.054495 1
0.087685 1
0.214615 1
0.093002 1
0.112770 1
0.167634 1
0.067216 1
0.093718 1
0.065379 1
0.096723 1
0.086687 1
0.106224 1
0.108604 1
0.079274 1
0.123450 1
0.108629 1
0.280846 1
0.096186 1
0.086097 1
0.068456 1
0.071080 1
0.130993 1
0.105229 1
0.056617 1
0.343356 1
0.054599 1
0.293556 1
1.788736 1
0.127749 1
0.148917 1
0.088270 1
0.211668 1
0.184678 1
0.046636 1
0.075786 1
0.085801 1
0.094283 1
0.065634 1
0.076982 1
0.089213 1
0.051513 1
0.049066 1
0.118401 1
0.111411 1
0.091702 1
0.084782 1
0.090511 1
0.066224 1
0.088839 1
0.132040 1
0.234614 1
0.128124 1
0.178162 1
0.146693 1
0.197095 4
0.324332 1
0.326024 1
0.069603 1
0.131970 1
0.089572 1
0.060270 1
0.061048 1
0.154711 1
0.107418 1
0.095475 1
0.161932 1
0.083184 1
0.075684 1
0.081570 1
0.043879 1
0.082657 2
0.170347 2
0.771990 2
0.015639 1
1.342618 1
0.176611 1
0.234133 1
0.768529 1
0.339137 1
0.151459 1
0.134943 1
0.154914 1
0.075293 1
0.198720 1
0.099315 1
0.090353 1
0.180841 1
0.117318 1
0.089481 1
0.175403 1
0.091969 1
0.165255 1
0.118949 1
0.083365 1
0.170689 1
0.095085 1
0.171457 1
0.235789 1
0.571590 1
0.641449 1
0.155134 1
0.031664 1
0.145817 1
0.051967 1
0.097621 3
0.438756 1
0.612570 1
0.112196 1
0.134160 1
0.099293 1
0.164480 1
0.130992 1
0.166645 1
0.095529 1
0.104422 1
0.096010 1
0.123834 1
0.077759 1
0.160304 1
0.631949 1
0.114578 1
0.084096 1
0.103879 1
0.084743 1
0.110204 1
0.100909 1
0.076150 1
0.081579 1
0.047364 1
0.184084 1
0.080057 1
0.103613 1
0.049607 1
0.288786 1
0.093926 1
0.102307 1
0.123294 1
0.062777 1
0.195911 1
0.152666 1
0.068847 1
0.109400 1
0.100589 1
0.124066 1
0.119669 1
0.075585 1
0.097981 1
0.030324 1
0.075160 4
0.688923 1
0.378025 1
0.248927 1
0.569653 1
0.087143 1
0.192729 1
0.146827 1
0.146409 1
0.061233 1
0.585491 1
0.193906 1
0.119136 1
0.055932 1
0.076829 1
0.942031 1
0.259599 1
0.054824 1
0.225153 1
0.103129 1
0.041363 1
0.139352 1
0.142298 1
0.578534 1
0.122130 1
0.124149 1
0.093883 1
0.066336 1
0.333907 1
1.357042 1
0.221989 1
0.068042 1
0.058083 1
0.076336 1
0.104931 1
0.099733 1
0.083495 1
0.099290 1
0.128871 1
0.096148 1
0.162099 1
0.081757 1
0.290801 1
0.149307 1
0.060489 1
0.168848 1
0.475013 1
0.110371 1
0.149887 1
0.305489 1
0.107620 1
0.098320 1
0.112389 1
0.116261 1
0.190892 3
0.641553 1
0.078050 1
0.097838 1
0.084179 1
0.088892 1
0.420552 1
0.099163 1
0.110301 1
0.089121 1
0.143580 1
0.078001 1
0.103056 1
0.161279 1
0.075394 1
0.353025 1
0.151577 1
0.172936 1
0.183707 1
0.349585 1
0.325803 1
0.205809 1
0.080487 1
0.195575 4
0.169218 1
0.471681 1
0.199210 1
0.125026 1
0.116052 1
0.077228 1
0.098341 1
0.092247 1
0.051049 1
0.112221 1
0.086746 1
0.054356 1
0.165982 1
0.048702 1
0.177395 1
0.125108 1
0.256103 1
0.260969 1
0.247807 1
0.123463 1
0.096767 1
0.104028 1
0.168109 1
0.152471 1
0.085510 1
0.023603 1
0.209438 1
0.194960 1
0.067208 1
0.887771 1
0.227432 1
0.213814 1
0.119717 1
0.111523 1
0.015984 1
0.223276 1
0.088198 1
0.091929 1
0.179076 3
0.392074 3
0.149384 3
0.137778 3
0.130981 3
0.136554 3
0.183237 1
0.453070 1
0.150235 1
0.104057 1
0.154170 1
0.062676 1
0.155296 1
0.143175 1
0.105329 1
0.024692 1
0.265654 1
0.133810 1
0.082815 1
0.123376 1
0.154232 1
0.067615 1
0.086234 1
0.140444 1
0.088820 1
0.123333 1
0.085193 1
0.134739 1
1.004796 1
0.161655 1
0.132897 1
0.188434 1
0.157957 1
0.128006 1
0.109280 1
0.092531 1
0.055772 1
0.072334 1
0.250122 1
0.116359 1
0.069778 1
0.143219 1
0.156094 2
0.239538 1
0.005293 1
0.097084 1
0.089019 1
0.100439 1
0.151310 1
0.174491 1
1.149958 4
0.327241 1
0.712002 1
0.120245 1
0.317153 1
0.138950 1
0.127574 1
0.112759 1
0.080952 1
0.052530 1
0.114225 1
0.134116 1
0.068195 1
0.074624 1
0.048182 1
0.542373 1
0.132012 1
0.195112 1
0.084745 1
0.170441 1
0.048670 1
0.118688 1
0.037673 1
0.180711 1
0.096733 1
0.009827 1
0.094798 1
0.195523 1
0.073613 1
0.083306 1
0.143411 1
0.143125 1
0.069708 1
0.106717 1
0.048703 1
0.074352 1
0.100509 1
0.101342 1
0.064791 1
0.076083 1
0.224915 4
0.296368 1
0.467264 1
0.638841 1
0.111582 1
0.172653 1
0.076779 1
0.100958 1
0.052390 1
0.176950 1
0.090510 1
0.026292 1
0.104616 1
0.202630 1
0.097324 1
0.065866 1
0.089552 1
0.166991 1
0.144199 1
0.089096 1
0.164547 1
0.268828 1
0.290424 1
0.198624 1
0.092444 1
0.127988 1
0.079457 1
0.343015 1
0.086819 1
0.113602 1
0.098343 1
0.104171 1
0.213563 1
0.125179 1
0.268032 2
0.497240 73
0.506945 2
0.000057 66
0.000115 2
0.000030 39
0.003121 2
0.000034 44
0.065634 2
0.817592 29
0.000111 2
0.654994 80
0.000258 2
0.000031 80
0.000115 2
0.000029 23
0.000025 2
0.000037 76
0.000027 2
0.000025 29
0.000024 2
0.000024 19
0.000020 2
0.000017 19
0.000016 2
0.000016 19
0.000016 2
0.000016 19
0.000016 2
0.000016 19
0.000025 2
0.000017 19
0.000016 2
0.000015 19
0.000016 2
0.000016 19
0.000016 2
0.000016 19
0.000015 2
0.000016 19
0.000016 2
0.000017 19
0.000018 2
0.000016 103
11.935960 2
0.000059 2
0.025988 4
4.301363 1
0.288811 1
0.173571 1
0.224332 1
0.186977 1
0.049925 1
0.215143 1
0.342100 3
0.292101 3
0.143095 3
0.163696 3
0.143878 1
0.114055 1
0.245955 1
0.051764 1
0.662390 1
0.291814 1
0.094174 1
0.159377 1
0.099243 1
0.079463 1
0.044439 1
0.079690 1
0.047686 1
0.111169 1
0.073799 1
0.043152 1
0.073750 1
0.107572 1
0.096633 1
0.097053 1
0.096539 1
0.093498 1
0.087965 1
0.196194 1
0.397023 1
0.099988 1
0.050735 1
0.067419 1
0.222529 1
0.089083 1
0.172206 1
0.102562 1
0.054763 1
0.091112 1
0.090716 1
0.088819 1
0.197072 1
0.129209 1
0.088587 1
0.179895 1
0.064159 1
0.237986 1
0.190997 1
0.257129 1
0.110851 1
0.084856 1
0.057792 1
0.450548 1
0.086749 1
0.679051 1
0.132242 1
0.111375 1
0.166975 1
0.047562 1
0.077392 1
0.193051 1
0.158006 1
0.073541 1
0.159134 1
0.117433 1
0.111233 1
0.113889 1
0.133332 1
0.075484 1
0.064333 1
0.100290 1
0.048067 1
0.225451 1
0.392298 1
0.116234 1
0.110122 1
0.111316 4
0.170706 1
0.585434 1
0.131537 1
0.144982 1
0.097243 1
0.173716 1
0.152048 1
0.035231 1
0.144568 1
0.167721 1
0.190876 1
0.391382 4
1.953681 1
2.338755 1
0.177851 1
0.204314 1
0.097741 1
0.105682 1
0.648244 1
0.142690 1
0.089982 1
0.076770 1
0.158894 1
0.144177 1
0.071676 1
0.131636 1
0.092425 1
0.051140 1
0.094290 1
0.124087 1
0.069942 1
0.131597 1
0.067413 1
0.091121 1
0.096431 1
0.075216 1
0.024365 1
0.365076 1
0.088465 1
0.131351 1
0.498614 1
0.067875 1
0.214132 1
0.122396 1
0.082638 1
0.137039 1
0.057077 1
0.117921 1
0.083352 1
0.070848 1
0.127689 1
0.274018 3
0.544793 1
0.145662 1
0.090444 1
0.188825 1
0.135607 1
0.136904 1
0.058048 1
0.450916 4
0.292896 1
0.783010 1
0.101893 1
0.094624 1
0.058903 1
0.084186 1
0.175144 1
0.192078 1
0.098798 1
0.031049 1
0.224269 1
1.103662 1
0.090756 3
0.092210 1
1.100876 1
0.102319 7
0.096002 1
0.295774 1
0.099854 2
0.089355 1
0.266273 1
0.101849 1
0.144272 1
0.671207 1
0.158036 1
0.055536 1
0.078369 1
0.087719 1
0.110030 1
0.092297 1
0.129567 1
0.087671 1
0.130155 1
0.051167 1
0.142371 1
0.119059 1
0.075550 1
0.140567 1
0.109654 1
0.090412 1
0.138377 1
0.045289 1
0.119419 1
0.059074 1
0.070737 1
0.277290 1
0.143441 1
0.199118 1
0.146221 1
0.212466 1
0.169925 1
0.349802 1
0.094556 1
0.095638 1
0.122209 1
0.170994 1
0.147358 1
0.222934 1
0.152787 1
0.211691 1
0.213915 1
0.118859 2
0.224889 41
16.502846 2
0.000138 15
0.000086 2
0.000055 2
0.018417 4
3.693483 1
1.680186 1
0.201212 1
0.209721 1
0.135397 1
0.086531 1
0.641785 1
0.092978 1
0.094777 1
0.088104 1
0.158967 1
0.065713 1
0.173268 1
0.171954 1
0.076466 1
0.108274 1
0.082165 1
0.097830 1
0.122789 1
0.457261 1
0.193899 1
0.098284 1
0.123534 1
0.043836 1
0.078372 1
0.192907 1
0.108529 1
0.067640 1
0.105249 1
0.041912 1
0.148880 1
0.127471 1
0.104476 1
0.193627 1
0.067037 1
0.078210 1
0.034830 1
0.058842 1
0.638341 1
0.200246 1
0.234411 1
0.115407 1
0.088030 1
0.052733 1
0.061827 1
0.154356 1
0.197243 1
0.129643 1
0.099892 1
0.168364 1
0.073598 1
0.140911 1
0.194851 1
0.153664 1
0.135772 1
0.069730 1
0.057896 1
0.124744 1
0.035206 1
0.067520 1
0.059011 1
0.074076 3
0.591402 3
0.177931 3
0.181462 3
0.226280 3
0.245031 1
1.026341 1
0.066257 1
0.044775 1
0.076650 1
0.092533 1
0.133724 1
0.267324 1
0.256977 1
0.088647 1
0.106540 1
0.085650 1
0.114609 1
0.090765 1
0.276169 3
0.566553 1
0.313762 1
0.160950 1
0.049025 1
0.092994 1
0.100556 1
0.086716 4
0.726573 1
0.361427 1
0.117260 1
0.248591 1
0.881157 1
0.271519 1
0.220888 1
0.146406 1
0.095585 1
0.089252 1
0.088421 1
0.130912 1
0.071754 1
0.076497 1
0.194831 1
0.094680 1
0.104045 1
0.065016 1
0.127511 1
0.107041 1
0.144899 1
0.284190 1
0.182675 1
0.119265 1
0.109138 1
0.092099 1
0.040797 1
0.060221 1
0.020267 1
0.725806 1
0.079494 1
0.126164 1
0.086476 1
0.102107 1
0.130630 1
0.037935 1
0.115402 1
0.088555 1
0.102991 1
0.073117 1
0.067467 1
0.116828 1
0.188964 1
0.093854 1
0.087296 1
0.111982 1
0.069663 1
0.106407 1
0.142223 1
0.166016 1
0.089179 1
0.103686 1
0.058622 1
0.071517 1
0.446175 1
0.329815 1
0.117443 1
0.110602 1
0.063543 1
0.954116 1
0.133586 1
0.388458 1
0.238914 1
0.065435 1
0.220422 1
0.172106 1
0.137836 1
0.085904 1
0.108368 1
0.109345 1
0.822646 1
0.305594 1
0.139402 1
0.033853 1
0.079666 1
0.123090 1
0.089353 4
0.319300 1
0.479479 1
0.144623 1
0.176085 1
0.053005 1
0.277607 1
0.286261 1
0.103725 1
0.136373 1
0.360947 1
2.243293 1
0.250772 1
0.232964 1
0.168451 1
0.505030 1
0.205488 1
0.148350 1
0.115099 1
0.046137 1
0.138477 1
0.057621 1
0.065460 1
0.093232 1
0.181976 1
0.121063 1
0.172738 1
0.138510 1
0.094181 1
0.181899 1
0.085351 1
0.100435 1
0.043796 1
0.224058 1
0.062548 1
0.200744 1
0.152093 1
0.188747 1
0.184984 1
0.151310 1
0.083673 1
0.066988 1
0.096254 1
0.092719 1
0.095997 1
0.084628 1
0.194453 1
0.285019 1
0.100261 1
2.311321 1
0.109697 1
0.101308 1
0.090095 1
0.106747 1
0.089067 1
0.175049 1
0.126086 1
0.081051 1
0.152278 1
0.102190 1
0.502997 1
0.196917 1
0.086030 1
0.109149 1
0.061577 1
0.077522 1
0.197457 1
0.090556 1
0.170899 1
0.063508 1
0.222190 1
0.227534 1
0.080823 1
0.059936 1
0.110716 1
0.126161 4
0.321945 1
0.418172 1
0.121376 1
0.094350 1
0.093051 1
0.230087 1
0.216769 1
0.165414 1
0.104008 1
0.077853 1
0.103507 1
0.330966 1
0.187285 1
0.174760 1
0.429063 1
0.158001 1
0.158063 1
0.077821 1
0.059978 1
0.157568 1
0.115159 1
0.327273 1
0.058669 1
0.138381 1
0.113837 1
0.167114 1
0.045728 1
0.102992 1
0.513870 1
0.149870 1
0.161915 1
0.071656 1
0.085451 1
0.178890 1
0.098143 1
0.093194 1
0.094309 1
0.136239 1
0.470852 1
0.407206 1
0.157340 1
0.105293 1
0.111734 1
0.089918 1
0.054280 1
0.193344 1
0.101985 1
0.106186 1
0.189746 1
0.137118 1
0.085986 1
0.215623 1
0.311665 1
0.079041 1
0.607423 1
0.244956 1
0.128325 1
0.227966 1
0.137321 1
0.096853 1
0.042986 1
0.057196 1
0.269812 1
0.109110 1
0.178836 3
0.730864 3
0.168093 3
0.161158 1
0.287891 1
0.109316 1
0.106152 1
0.077915 1
0.057715 1
0.216429 1
0.064834 4
0.689505 1
0.346619 1
0.142685 1
0.196339 1
0.207019 1
0.123119 1
0.145732 1
0.099638 1
0.156879 1
0.262708 1
0.112996 1
0.024329 1
0.194050 1
0.090830 1
0.134202 1
0.379285 1
0.097022 1
0.098957 1
0.146589 1
0.205902 1
0.069218 1
0.075901 1
0.142083 1
0.123508 1
0.250508 1
0.190105 1
0.103090 1
0.094128 1
0.085871 1
1.298800 1
0.092465 1
0.108544 1
0.136605 1
0.137270 1
0.392064 1
0.198737 1
0.191810 1
0.168763 1
0.045337 1
0.063516 1
0.014728 1
0.067581 1
0.098374 1
0.070702 1
0.066935 1
0.170897 1
0.107893 1
0.092874 1
0.120657 1
0.124383 1
0.065350 1
0.099808 1
0.076811 1
0.113037 1
0.122868 1
0.085332 1
0.091298 1
0.091858 1
0.094856 1
0.104707 1
0.190317 1
0.101118 1
0.074619 1
0.200839 1
0.058317 1
0.070047 1
0.210133 1
0.791500 4
0.300193 1
0.729136 1
0.049926 1
0.159161 1
0.086089 1
0.035166 1
0.094505 1
0.087659 1
0.106649 1
0.117673 1
0.086132 1
0.097477 1
0.053265 1
0.081060 1
0.182255 1
0.061798 1
0.068509 1
0.116653 1
0.089727 2
0.346035 39
0.756849 1
0.951213 1
0.185866 1
0.105257 1
0.090974 1
0.078160 1
0.111910 1
0.048703 1
0.132630 1
0.152014 1
0.158449 1
0.147612 1
0.075638 1
0.115610 1
0.133086 60
0.348140 72
1.455184 23
0.813967 24
5.214697 2
0.527902 111
0.007546 2
0.000099 2
0.000040 573
0.003473 2
0.000090 2
0.000037 2
0.000023 20
0.000035 62
13.207782 2
0.357514 2
0.294861 4
2.532904 1
0.380063 1
0.174535 1
0.210454 1
0.146203 1
0.101341 1
0.150337 1
0.138845 1
0.009186 1
0.224699 1
0.458085 1
0.381682 1
0.195833 1
0.309552 1
0.134454 1
0.123336 1
0.070544 1
0.097889 1
0.097444 1
0.042150 1
0.069798 1
0.059617 1
0.095187 1
0.076239 2
0.119214 1
0.158092 1
0.392167 3
0.273511 3
0.144929 3
0.127783 3
0.137024 3
0.108363 1
0.207625 1
0.094403 3
0.451437 3
0.256254 1
0.267768 1
0.023737 1
0.146463 1
0.105536 1
0.354573 1
0.077896 1
0.109289 1
0.073615 1
0.116834 1
0.013818 1
0.171979 1
0.091007 1
0.103413 1
0.058634 1
0.208696 4
0.224669 1
0.307479 1
0.046705 1
0.158290 1
0.088187 1
0.053695 1
0.059465 1
0.211714 1
0.058286 1
0.036027 1
0.103990 1
0.103581 1
0.064594 1
0.089165 1
0.051982 1
0.074934 3
0.502300 3
0.127030 3
0.141379 3
0.124782 3
0.141405 3
0.155408 3
0.159068 3
0.224579 3
0.331705 1
0.470874 1
0.175657 1
0.123580 1
0.089270 1
0.118884 1
0.059003 1
0.073299 1
0.162862 1
0.085295 1
0.027886 1
0.103187 1
0.062947 1
0.069102 1
0.094146 1
0.048933 1
0.096756 2
0.123157 123
1.766867 2
0.000065 100
0.000025 2
0.000024 100
0.000057 2
0.000026 100
0.000023 2
0.000022 109
0.000022 2
0.000022 100
0.000022 2
0.000030 100
0.000017 2
0.000018 2
0.018967 1
1.485740 1
0.176517 1
0.624908 1
0.197085 1
0.067635 1
0.121600 1
0.060963 1
0.282477 1
0.218257 1
0.269481 1
0.103742 1
0.094533 1
0.105419 1
0.121737 1
0.111475 1
0.056070 1
0.090399 1
0.076201 1
0.107649 1
0.190461 1
0.150939 1
0.075501 1
0.065921 1
0.100030 1
0.045773 1
0.326862 1
0.089582 1
0.127770 1
0.130390 1
0.084825 1
0.095767 3
0.339205 3
0.187037 3
0.132148 3
0.219059 1
0.877469 1
0.155872 1
0.078928 1
0.111339 1
0.042251 1
0.233987 1
0.075317 1
0.071949 1
0.076928 1
0.117644 1
0.019551 1
0.170731 1
0.144233 1
0.084898 1
0.075730 1
0.096255 1
0.115956 1
0.170135 1
0.145616 1
0.111665 1
0.118646 1
0.055992 1
0.163961 1
0.033243 1
0.142002 3
0.388489 3
0.149166 3
0.140713 1
0.078376 1
0.124418 1
0.178781 1
0.081209 1
0.102957 1
0.077226 1
0.129033 1
0.106294 1
0.850040 4
0.301507 1
0.507506 1
0.038693 1
0.160266 1
0.075558 1
0.050520 1
0.099680 1
0.103291 1
0.088982 1
0.122127 1
0.043379 1
0.139451 1
0.035658 1
0.091681 1
0.143752 1
0.065869 1
0.060595 1
0.198788 1
0.165004 1
0.057927 1
0.104465 1
0.169312 1
0.200324 1
0.098808 1
0.086054 1
0.099121 1
0.051444 1
0.163731 1
0.171895 1
0.039264 1
0.163654 1
0.107609 1
0.071389 1
0.224548 1
0.128705 1
0.044921 1
0.127623 1
0.089240 1
0.668228 1
0.067294 1
0.056582 1
1.808511 1
0.272116 1
0.712228 1
0.244432 1
0.149764 1
0.231389 1
0.181556 1
0.189117 1
0.152191 1
0.113242 1
0.124861 1
0.086987 1
0.286690 1
0.116604 1
0.183280 1
0.523999 1
0.126344 1
0.322927 1
0.221839 1
0.482892 1
0.188081 1
0.202943 1
0.126076 1
0.173475 1
0.135485 1
0.183741 1
0.111534 1
0.091468 1
0.161555 1
0.095781 1
0.119045 1
0.214563 1
0.211343 1
0.152774 1
1.112878 1
0.187057 4
0.537688 1
1.874311 1
0.263550 1
0.176342 1
0.124312 1
0.151465 1
0.103652 1
0.091461 1
0.161126 3
0.574499 3
0.165760 3
0.151567 1
0.103438 1
0.126505 1
0.554676 1
0.106656 1
0.299170 1
0.259981 1
0.220856 1
0.252624 1
0.143879 1
0.059366 1
0.169666 1
0.311207 1
0.127139 1
0.204119 1
0.267610 1
0.325924 1
0.170498 1
0.176688 1
0.213809 1
0.250998 1
0.301562 1
0.361606 1
0.141272 1
0.947534 1
1.236928 1
0.254512 1
0.139335 1
0.301756 1
0.195006 1
0.202855 1
0.173726 1
0.136799 3
0.445201 3
0.168110 1
0.719942 1
0.134537 1
0.061279 1
0.233135 1
0.234045 1
0.093275 20
0.091584 1
0.785248 1
0.157974 1
0.372629 1
0.173014 1
0.325856 1
0.205524 1
0.130171 1
0.069904 1
0.078136 2
2.250015 73
1.329552 2
0.000089 71
0.401553 2
0.000138 65
0.150408 2
0.000070 49
0.000039 2
0.000028 1
0.609438 2
0.000064 1
1.581659 2
0.000075 51
1.319068 2
0.000069 1
0.753073 2
0.000062 1
1.155469 2
0.000068 1
1.227778 2
0.000068 1
1.155856 2
0.000074 1
1.157567 2
0.000071 46
1.244426 2
0.000063 37
0.138732 2
0.000073 36
0.000059 2
0.000032 41
0.000053 2
0.000031 28
0.000050 2
0.000030 19
0.000071 2
0.000031 46
0.000072 2
0.000071 46
0.000075 2
0.000026 2
0.000038 27
0.000020 2
0.000020 2
0.000023 25
0.000037 2
0.000023 1
33.050010 1
2.001909 1
2.001822 6
40.114064 36
0.004228 2
0.000067 50
0.675412 2
0.000068 89
0.238853 2
0.000073 85
3.293914 2
0.000218 105
0.015730 2
0.000040 71
0.278837 2
0.000067 63
0.000434 2
0.000054 44
0.000236 2
0.000035 25
0.000514 2
0.000035 185
0.001126 2
0.000053 25
0.000123 2
0.000027 90
0.001321 2
0.000044 25
0.000135 2
0.000027 63
0.067824 2
0.000061 140
0.000379 2
0.000055 68
0.000054 2
0.000031 39
0.000049 2
0.000030 27
0.401070 1
0.000059 91
0.000024 2
0.000028 27
0.000393 1
0.000030 33
0.000024 2
0.000027 30
0.001642 1
0.000044 65
0.000025 2
0.000024 64
0.000119 2
0.000027 127
0.082310 2
0.000073 80
0.000055 2
0.000032 39
0.000050 2
0.000025 61
8.641409 2
0.000066 48
0.232043 2
0.000065 48
0.000067 2
0.000033 70
0.698847 2
0.000077 639
3.741943 2
0.000078 79
0.000200 2
0.000035 56
3.648461 2
0.000071 55
0.020736 2
0.000044 58
0.065561 2
0.000064 59
0.886167 2
0.000066 105
0.000559 2
0.000037 98
0.000217 2
0.000035 102
0.000180 2
0.000034 33
0.000231 2
0.000034 25
0.010275 2
0.000049 93
0.000213 2
0.000028 25
0.000132 2
0.000027 28
0.000182 2
0.000026 71
0.000201 2
0.000027 55
0.000206 2
0.000027 25
0.000124 2
0.000027 71
0.001329 2
0.000030 47
0.000170 2
0.000027 28
0.000164 2
0.000026 25
0.000515 2
0.000031 97
0.000190 2
0.000029 59
0.000216 2
0.000028 25
0.000126 2
0.000026 28
0.000256 2
0.000027 65
0.000214 2
0.000028 28
0.000163 2
0.000026 25
0.000113 2
0.000026 105
0.000185 2
0.000028 25
0.000110 2
0.000026 66
0.051818 2
0.000076 143
1.974966 2
0.000071 102
0.526875 2
0.000067 65
0.423063 2
0.000067 53
0.065854 2
0.000086 51
0.000252 2
0.000035 100
0.000185 2
0.000044 51
0.000240 2
0.000034 25
0.049099 2
0.000074 46
0.000213 2
0.000044 50
0.000618 2
0.000036 29
0.001287 2
0.000043 95
0.000207 2
0.000034 2
0.092133 10
0.000065 2
0.000027 2
0.032233 4
4.763439 1
0.978672 1
0.341283 1
0.286926 1
0.606037 1
0.194343 1
0.108697 1
0.121081 1
0.114605 1
0.097240 1
0.143409 1
0.639825 1
0.156059 1
0.150476 1
0.126333 1
0.127753 1
0.146799 1
0.076839 1
0.133481 1
0.077195 1
0.156433 1
0.071715 1
0.094024 1
0.225091 1
0.075333 1
0.128793 1
0.197429 1
0.071631 1
0.116361 1
0.136087 1
0.056051 1
0.135964 1
0.089820 1
0.178742 1
0.167029 1
0.101127 1
0.621437 1
0.053157 1
0.128091 1
0.071443 1
0.090345 1
0.091139 1
0.060190 1
0.220041 1
0.145930 1
0.143936 1
0.171516 3
0.764519 1
0.110747 1
0.081114 1
0.304828 1
0.109194 1
0.102318 1
0.205595 1
0.197434 1
0.068150 3
0.229414 3
0.165318 3
0.139748 3
0.141117 3
0.136416 1
0.124521 1
0.063038 1
0.198887 1
0.169572 1
0.046652 1
0.618498 4
0.211186 1
0.469668 1
0.041759 1
0.152188 1
0.084678 1
0.079185 1
0.026123 1
0.156471 1
0.096194 1
0.083990 1
0.143676 1
0.173597 1
0.075793 1
0.072982 1
0.060478 1
0.065500 2
0.185616 13
0.885353 2
0.000056 2
0.017872 4
2.224965 1
0.867454 1
1.098695 1
0.345446 1
0.193118 1
0.648428 1
0.113379 1
0.243094 1
0.523707 1
0.143220 1
0.113297 1
0.052870 1
0.176341 1
0.165634 1
0.108766 1
0.044548 1
0.153421 1
1.062127 1
0.077127 1
0.114739 1
0.101404 1
0.110982 1
0.035201 1
0.594957 1
0.177504 1
0.243695 1
0.073605 1
0.115834 1
0.148871 1
0.077109 1
0.122664 1
0.067719 1
0.101448 1
0.045035 1
0.254007 1
0.189425 1
0.007074 1
0.128736 1
0.214662 1
0.060032 1
0.085258 1
0.065122 1
0.251738 1
0.500340 1
0.230746 1
0.068604 1
0.035007 1
0.096998 1
0.418499 1
0.099978 1
0.090106 1
0.065550 1
0.075324 1
0.039128 1
0.136470 1
0.113770 1
0.180043 1
0.212963 1
0.092406 1
0.233455 1
0.125593 1
0.171004 1
0.230740 1
0.484117 1
0.161710 1
0.063349 1
0.043130 1
0.109937 1
0.058547 1
0.107789 1
0.088467 4
0.492278 1
0.335766 1
0.142516 1
1.175637 1
0.159364 1
0.024021 1
0.106379 1
0.182520 1
0.081648 1
0.049268 1
0.063659 1
0.252054 1
0.119626 1
0.093064 1
0.080445 1
0.033475 1
0.068633 1
0.098103 1
0.119347 1
0.087010 1
0.129535 1
0.130180 1
0.196284 1
0.154326 1
0.089220 1
0.086251 1
0.142189 1
0.138713 1
0.079060 1
0.040796 1
0.189946 1
0.189379 1
0.053413 1
0.886869 4
0.777089 1
1.028578 1
0.045975 1
0.162456 1
0.103892 1
0.079778 1
0.095325 1
0.416906 1
0.093660 1
0.080514 1
0.150477 1
0.083057 1
0.138601 1
0.094293 1
0.097058 1
0.127677 1
0.287187 1
0.179288 1
0.033091 1
0.136242 1
0.121024 1
0.088869 1
0.188458 1
0.156270 1
0.062011 1
0.165534 1
0.105479 1
0.131978 1
0.033478 1
0.194285 1
0.530019 1
0.304739 1
0.172226 1
0.151605 1
0.141650 1
0.162608 1
0.179299 1
0.105985 1
0.191680 1
0.135518 1
0.230928 1
0.063683 1
0.279093 1
0.136516 2
0.831336 16
0.000924 738
0.763508 1419
2.567494 1658
1.488904 1694
0.769392 4
0.691452 272
0.000181 2
0.000031 36
0.000022 2
0.000022 38
0.000021 2
0.000022 17
0.000038 4
0.557499 22
0.000115 4
0.560973 22
0.000087 19
1.299503 2
0.000328 4
2.066288 1
0.597650 1
0.173689 1
0.166705 1
0.127803 3
0.792702 3
0.142966 1
0.257824 1
0.119838 1
0.068704 1
0.072502 1
0.028772 1
0.213785 1
0.162906 1
0.251413 1
0.038565 1
0.221821 3
0.485519 3
0.151070 3
0.165338 1
0.351123 1
0.119493 1
0.102529 1
0.127276 1
0.105726 1
0.060228 1
0.082467 1
0.125924 1
0.067889 1
0.115269 1
0.053832 1
0.198685 1
0.139271 1
0.052513 1
0.092395 1
0.411951 4
1.497959 1
1.648792 1
0.202990 1
0.171819 1
0.103856 8
