0.059697 2
0.005642 1
0.948458 1
0.226467 1
1.021497 1
0.112252 1
0.119767 1
0.062608 1
0.109497 1
0.278482 1
0.000242 1
0.182192 1
0.207664 1
0.103825 1
0.173700 1
0.296674 1
0.124928 1
0.081120 1
0.141351 1
0.098607 1
0.223605 1
0.393317 1
0.000015 1
0.000010 1
0.063373 1
0.142293 1
0.157066 1
0.188426 1
0.129067 1
0.113123 1
0.076401 1
0.174036 1
0.143157 1
0.354111 1
0.000012 1
0.000011 1
0.059422 1
0.193671 1
1.016383 1
0.122711 1
0.131902 1
0.161872 1
0.101644 1
0.101704 1
0.109954 1
0.159686 1
0.062456 1
0.091832 1
0.069441 1
0.585976 1
0.150393 1
0.094427 1
0.147287 1
0.123748 1
0.067092 1
0.104422 1
0.103598 1
0.095144 1
0.223508 2
0.270494 1
0.048603 1
0.105480 1
0.065988 1
0.097052 1
0.204754 1
0.161815 1
0.019631 1
0.121820 1
0.224559 1
0.086927 1
0.067231 1
0.064314 1
0.273729 1
0.156104 1
0.115310 1
0.063473 1
0.057294 1
0.062068 3
0.145043 90
1.508368 1
0.731092 1
0.117974 1
1.264024 1
0.150813 1
0.134458 1
0.130751 1
0.108192 1
0.122055 1
0.077033 1
0.133724 1
0.078055 1
0.094957 1
0.085957 1
0.149741 1
0.080260 1
0.080573 1
0.083709 1
0.190510 1
0.125772 1
0.146835 1
0.202530 1
0.420758 1
0.097645 1
0.092353 1
0.053246 1
0.443244 1
0.052245 1
0.199370 1
0.084410 1
0.103285 1
0.126362 1
0.064764 1
0.104078 1
0.048893 1
0.080208 1
0.060828 1
0.100105 1
0.146757 1
0.168196 2
0.291165 1
0.424937 1
0.141793 1
0.043572 1
0.093225 1
0.178521 1
0.045766 1
0.112565 1
0.067516 1
0.453200 1
0.399015 1
0.116582 1
0.079205 1
0.114579 1
0.048785 1
0.097274 1
0.699846 1
0.182269 1
0.102917 1
0.133422 1
0.127242 1
0.093516 1
0.071814 1
0.038890 1
0.153172 1
0.108917 1
0.058788 1
0.145445 1
0.135168 1
0.160339 4
0.406512 1
0.707177 1
0.123257 62
5.306564 4
0.994849 4
2.006952 1
0.591394 1
0.126337 1
1.186236 1
0.137288 1
0.131524 1
0.190729 1
0.121382 1
0.072269 1
0.165227 1
0.120328 1
0.044295 1
0.169016 1
0.761688 1
0.104612 1
0.067466 1
0.091069 1
0.234801 1
0.119805 1
0.180193 1
0.046868 3
0.390936 1
0.021427 1
0.156062 1
0.018282 1
0.103667 1
0.188594 1
0.073440 1
0.067460 1
0.033323 1
0.294505 1
0.117045 1
0.096774 1
0.077029 1
0.051673 1
0.070509 1
0.178176 1
0.326928 1
0.141616 1
0.454196 1
0.078982 1
0.246651 1
0.113059 1
0.057430 1
0.096610 1
0.121442 1
0.157256 1
0.075224 1
0.088375 1
0.105551 1
0.070118 1
0.104928 1
0.333619 1
0.132371 1
0.142820 1
0.078426 1
0.136737 1
0.170984 1
0.089119 1
0.091964 1
0.289081 1
0.209435 1
0.202543 1
0.088551 1
0.172036 1
0.098481 1
0.158969 1
0.048395 1
0.068373 1
0.230958 1
0.121306 4
0.481324 1
0.948587 1
0.117146 1
0.141053 1
0.186488 1
0.137131 1
0.167669 1
0.079161 1
0.142000 1
0.331643 1
0.169519 1
0.093624 1
0.162661 1
0.065115 1
0.147725 1
0.067375 1
0.236620 1
0.086643 1
0.564562 1
0.100430 1
0.107394 1
0.117169 1
0.062073 1
0.089931 1
0.128487 1
0.091255 1
0.124752 1
0.091020 1
0.108145 1
0.121174 1
0.069997 1
0.069030 1
0.099924 1
0.123667 1
0.138730 1
0.106603 1
0.067198 1
0.053516 1
0.096869 1
0.134246 1
0.128654 1
0.128921 1
0.107041 1
0.105701 1
0.085131 1
0.126581 1
0.086984 1
0.130167 1
0.769271 1
0.089991 1
0.083493 1
0.093842 1
0.222289 1
0.085027 1
0.155560 1
0.063799 1
0.157231 1
0.203423 1
0.186475 1
0.117389 1
0.112026 1
0.142332 1
0.142638 1
0.085191 1
0.828397 1
0.952519 1
0.145352 1
0.200957 1
0.092485 1
0.103635 1
0.047053 1
0.556236 1
0.068186 1
0.070359 4
0.469429 1
0.722152 1
0.498210 1
0.883075 1
0.098194 1
0.212548 1
0.111821 1
1.601319 1
0.128837 1
0.170067 1
0.140381 1
0.106604 1
0.064166 1
0.119272 1
0.132621 1
0.115572 1
0.091913 1
0.120615 1
0.088249 1
0.490712 1
0.156972 1
0.158621 1
0.088025 1
0.117601 1
0.139756 1
0.096354 1
0.215165 1
0.213735 1
0.240047 1
0.039758 1
0.129131 1
0.070566 1
0.177612 1
0.292045 1
0.034417 1
0.152736 1
0.132232 1
0.226200 1
0.137888 1
0.101781 1
0.147154 1
0.077169 1
0.306006 1
0.607735 1
0.237360 1
0.160654 1
0.209047 1
0.119853 1
0.052227 1
0.233417 1
0.091521 1
0.095296 1
0.102166 1
0.752993 1
0.096635 1
0.109222 1
0.059305 1
0.100269 1
0.094716 1
0.076562 1
0.122694 1
0.168893 1
0.146127 1
0.111101 1
0.050625 1
0.138516 1
0.074733 1
0.088086 1
0.979127 1
0.158624 1
0.066185 1
0.104271 1
0.070652 1
0.084146 1
0.078829 1
0.134582 4
0.183928 1
0.621064 1
0.172686 1
0.161257 3
1.609276 1
0.559769 1
0.226620 1
0.069868 1
0.163536 1
0.119898 1
0.100682 1
0.654839 1
0.213752 1
0.061692 1
0.101056 1
0.120117 1
0.102919 1
0.159717 1
0.109225 1
0.086901 1
0.104639 1
0.058460 1
0.073552 1
0.047562 1
0.106618 1
0.105227 1
0.177122 1
0.050543 1
0.093769 1
0.121548 1
0.186305 1
0.187009 1
0.138198 1
0.071421 1
0.080372 1
0.058933 1
0.158148 1
0.152288 1
0.104956 1
0.074777 1
0.129882 1
0.093130 1
0.058067 1
0.119835 1
0.218716 1
0.104959 1
0.063313 1
0.065321 1
0.097756 1
0.130772 1
0.089781 1
0.106018 1
0.081878 1
0.199340 4
1.037940 4
0.525980 1
0.389752 1
0.575892 1
0.380744 1
0.161216 1
0.117533 1
0.104967 1
0.094505 1
0.175119 1
0.092430 1
0.175732 1
0.099508 1
0.112552 1
0.114573 1
0.113638 1
0.081158 1
0.072145 1
0.124052 1
0.054603 1
0.048493 1
0.068374 1
0.096199 1
0.196873 1
0.115338 1
0.124350 1
0.075435 1
0.062676 1
0.151613 1
0.064978 1
0.124894 1
0.104866 1
0.093246 1
0.078327 1
0.112016 1
0.147434 1
0.064655 1
0.415463 1
0.089487 1
0.109228 1
0.125333 1
0.058174 1
0.106895 1
0.227526 1
0.124596 1
0.147262 1
0.076864 1
0.111536 1
0.066485 1
0.110623 1
1.530299 1
0.142046 1
0.168881 1
0.041920 1
0.074151 1
0.143528 1
0.144514 1
0.197734 1
0.131383 1
0.127505 1
0.182514 1
0.091792 1
0.089863 1
0.084636 1
0.135257 1
0.158426 1
0.123940 1
0.082053 1
0.038912 1
0.123911 1
0.191227 1
0.179319 1
0.097684 4
0.331014 1
0.314734 1
0.190398 1
0.335334 1
0.071361 1
0.101493 1
0.098195 1
0.116263 1
0.072707 1
0.125909 1
0.122614 1
0.183457 1
0.045355 1
0.302368 1
0.085664 1
0.085726 1
0.079403 1
0.160694 1
0.187554 1
0.169895 1
0.118570 1
0.124234 1
0.216206 1
0.158601 1
0.075764 1
0.069282 1
0.220926 1
0.187819 1
0.126304 1
0.303965 1
0.130751 1
0.097080 1
0.181359 1
0.157132 1
0.371135 1
0.186612 1
0.067713 1
0.177893 1
0.131715 1
0.062590 1
0.064602 1
0.115031 1
0.102673 1
0.169171 1
0.099261 1
0.053333 1
0.135940 1
0.047734 1
0.212576 1
0.171867 1
0.130891 1
0.129977 1
0.074913 1
0.062560 1
0.150104 1
0.060733 1
0.036779 1
0.106838 1
0.069065 1
0.901859 1
0.216254 1
0.128318 1
0.075578 1
0.170563 1
0.119482 1
0.464138 1
1.256434 1
0.243401 1
0.128884 1
0.100554 1
0.207240 4
0.399290 1
0.294156 1
0.170063 1
0.459547 1
0.166669 1
0.068464 1
0.118290 1
0.102925 1
0.162024 1
0.113358 1
0.085889 1
0.103491 1
0.061244 1
0.081092 1
0.280011 1
0.109986 1
0.029643 1
0.150691 1
0.049910 1
0.107375 1
0.103187 1
0.063397 1
0.057321 1
0.090264 1
0.098825 1
0.461093 1
0.089089 1
0.048074 1
0.112708 1
0.090520 1
0.106824 1
0.095945 1
0.075519 1
0.064438 1
0.174799 1
0.047188 1
0.138659 1
0.031979 1
0.125331 1
0.054532 1
0.193592 1
0.074987 1
0.155259 1
0.156087 1
0.057418 1
0.149568 1
0.266569 1
0.127920 1
0.087332 1
0.171990 1
0.049818 1
0.198304 1
0.042137 1
0.587079 4
1.163128 4
0.420504 1
0.317563 1
0.450415 1
0.769693 1
0.119490 1
0.102329 1
0.079454 1
0.106109 1
0.140964 1
0.149601 1
0.170776 1
0.150430 1
0.143589 1
0.127666 1
0.331828 1
0.160629 1
0.086865 1
0.213829 1
0.175683 1
0.126188 1
0.105866 1
0.124774 1
0.113643 1
0.138202 1
0.141855 1
0.115428 1
0.045667 1
0.129214 1
0.176150 1
0.124707 1
0.126222 1
0.063572 1
0.077989 1
0.073315 1
0.065433 1
0.264065 1
0.251274 1
0.141014 1
0.134842 1
0.134637 1
0.140621 1
0.109476 1
0.133943 1
0.083821 1
0.621046 1
0.164710 1
0.112715 1
0.067337 1
0.063356 1
0.215626 1
0.180067 1
0.096753 1
0.072682 1
0.154016 1
0.242576 1
0.093247 1
0.074703 1
0.092455 1
0.063018 1
0.512762 1
0.389989 1
0.216707 1
0.092075 1
0.211411 1
0.207115 1
0.040283 1
0.042892 1
0.068812 1
0.098608 1
0.121764 1
0.090940 1
0.100394 1
0.103603 1
0.074391 1
0.100415 4
0.204008 1
0.352708 1
0.156391 1
0.226324 1
0.044045 1
0.101057 1
0.129037 1
0.103975 1
0.118392 1
0.740470 1
0.498977 1
0.145519 1
0.219301 1
0.180605 1
0.094306 1
0.090976 1
0.132262 1
0.079860 1
0.110906 1
0.320719 1
0.105970 1
0.222668 1
0.076103 1
0.127746 1
0.163764 1
0.094032 1
0.071941 1
0.053426 1
0.366738 1
0.138188 1
0.114558 1
0.105098 1
0.130392 1
0.198890 1
0.097218 1
0.173535 1
0.119830 1
0.205483 1
0.053052 1
0.351331 1
0.060182 1
0.112316 1
0.099641 1
0.144442 1
0.135999 1
0.090872 1
0.099737 1
0.089331 1
0.760725 1
0.072450 1
0.056124 1
0.112034 1
0.089571 1
0.112632 1
0.105256 1
0.106361 1
0.051578 1
0.176399 1
0.084735 1
0.582882 1
0.130390 1
0.092539 1
0.174567 1
0.090819 1
0.279952 1
0.169562 1
0.078768 1
0.135697 1
0.405326 1
0.250912 1
0.182827 1
0.170203 1
0.098039 1
0.055991 1
0.063148 4
0.502780 1
0.387614 1
0.406419 1
0.160028 1
0.109632 1
0.075643 1
0.099961 1
0.141531 1
0.100754 1
0.070844 1
0.069148 1
0.155565 1
0.088578 1
0.230789 1
0.149592 1
0.161582 1
0.109244 1
0.060755 1
0.121465 1
0.069040 1
0.148161 1
0.142117 1
0.139059 1
0.145270 1
0.199034 1
0.179514 1
0.332931 1
0.320106 4
1.534703 4
0.509121 1
0.300398 1
0.148871 1
0.450704 1
0.221427 1
0.142375 1
0.159267 1
0.063100 1
0.110351 1
0.760432 1
0.163199 1
0.074528 1
0.070513 1
0.041017 1
0.178643 1
0.052357 1
0.139292 1
0.198758 1
0.056835 1
0.118827 1
0.105571 1
0.062309 1
0.071612 1
0.128123 1
0.097536 1
0.078693 1
0.098665 1
0.395512 1
0.131333 1
0.119169 1
0.102457 1
0.052534 1
0.081993 1
0.156703 1
0.095401 1
0.143987 1
0.161292 1
0.055897 1
0.108679 1
0.124810 1
0.138498 1
0.117153 1
0.070796 1
0.197437 1
0.113731 1
0.038846 1
0.076670 1
0.124166 1
0.059325 1
0.094722 1
0.079366 1
0.078763 1
0.055827 1
0.049628 1
0.142594 1
0.157554 1
0.126255 1
0.102887 1
0.103701 1
0.091295 1
0.204066 1
0.120671 1
0.490730 1
0.140570 1
0.116785 1
0.106527 1
0.220943 4
0.456035 1
1.332665 1
0.062898 1
0.459583 1
0.153315 1
0.054991 1
0.076648 1
0.171909 1
0.097143 1
0.135628 1
0.107315 1
0.231482 1
0.100885 1
0.120105 1
0.015641 1
0.133803 1
0.140332 1
0.062321 1
0.117119 1
0.108944 2
0.213766 2
0.561365 2
0.011410 1
0.975340 1
0.062201 1
0.145831 1
0.105796 1
0.043483 1
0.093328 1
1.396154 3
0.420109 1
0.212538 1
0.061141 1
0.053063 1
0.112724 1
0.117459 1
0.111051 1
0.106752 1
0.103876 1
0.090072 1
0.069292 1
0.095552 2
0.392719 14
0.583312 2
0.000056 10
0.000023 2
0.000022 2
0.012045 1
2.066468 1
0.184776 1
0.279754 1
0.202880 1
0.352628 1
0.062369 1
0.160128 1
0.101676 1
0.074383 1
0.087265 1
0.096219 1
0.080356 1
0.166823 1
0.125646 1
0.091887 1
0.081805 1
0.099045 1
0.107224 1
0.087833 1
0.109596 1
0.223593 1
0.117352 1
0.182148 1
0.307148 1
0.349428 1
0.414379 1
0.139569 1
0.043378 1
0.109337 1
0.091269 1
0.086090 1
0.115110 1
0.706426 1
0.134184 1
0.077323 1
0.099194 1
0.084795 1
0.124665 1
0.148358 1
0.076199 1
0.088491 1
0.071077 1
0.153347 1
0.050629 1
0.132034 1
0.116997 1
0.124306 1
0.133183 1
0.097373 1
0.103420 1
0.079059 1
0.119386 1
0.632927 1
0.101658 1
0.164289 1
0.105604 4
0.608802 84
7.236296 2
1.959990 46
6.967112 2
0.000119 15
0.000045 2
0.000031 6
0.022075 84
6.385363 33
6.423365 2
0.000106 15
0.000041 2
0.000029 2
0.014270 4
2.031263 1
0.476822 1
0.134965 1
0.388199 1
0.215756 1
0.101155 1
0.351707 1
0.121500 1
0.117427 1
0.092450 1
0.082033 1
0.104752 1
0.076102 1
0.113715 1
0.141614 1
0.114530 1
0.106020 1
0.189936 1
0.067985 1
0.159737 1
0.106332 1
0.095362 1
0.067778 1
0.066838 1
0.264883 1
0.084221 3
1.121132 3
0.169443 3
0.143010 3
0.143530 3
0.159912 3
0.330759 1
0.644337 1
0.059016 1
0.109349 1
0.055563 1
0.742286 1
0.071554 1
0.119764 1
0.090771 1
0.478302 1
0.154356 1
0.085743 1
0.070670 1
0.159139 1
0.144455 1
0.057392 1
0.116633 1
0.165261 1
0.106301 1
0.101866 1
0.104548 1
0.069443 1
0.121447 1
0.117662 1
0.069601 1
0.170403 1
0.209629 1
0.268720 1
0.091516 1
0.155615 1
0.098933 1
0.101513 3
0.355264 3
0.155373 3
0.131697 1
0.119322 1
0.102360 1
0.285816 1
0.063319 1
0.142590 1
0.176158 1
0.365785 1
0.210848 1
0.114159 1
0.493993 1
0.214416 1
0.147622 1
0.162611 1
0.076559 1
0.026568 1
0.136508 1
0.136763 1
0.345455 1
0.818348 1
0.151513 1
0.118074 1
0.208189 1
0.125266 1
0.153770 1
0.302950 1
0.140339 1
0.125687 1
0.194398 1
0.110329 1
0.145629 3
0.067966 1
0.129621 91
0.498738 173
0.165398 3
0.147905 3
0.154608 3
0.155003 3
2.049551 3
0.145367 3
0.167240 3
0.543463 4
0.346314 1
0.503332 1
0.293338 1
0.338057 1
0.120177 1
0.130319 1
0.224015 1
0.107871 1
0.152441 1
0.067826 1
0.113081 1
0.057882 1
0.274812 1
0.116865 1
0.168116 1
0.064297 1
0.146446 1
0.053549 1
0.166566 1
0.487568 1
0.274907 1
0.184991 1
0.032513 1
0.093720 1
0.066858 1
0.153721 1
0.175749 1
0.099604 1
0.144654 1
0.374843 1
0.087194 1
0.089031 1
0.121908 1
0.715496 1
0.258378 1
0.101447 1
0.075670 1
0.076568 1
0.128271 1
0.178450 1
0.162808 1
0.252797 1
0.213792 1
0.107227 1
0.398137 1
0.103216 1
0.707577 1
0.220729 1
0.250683 1
0.271982 1
0.052383 1
0.351208 1
0.135318 1
0.074509 1
0.153550 1
0.101925 1
0.235288 1
0.233492 1
0.157544 1
0.143326 1
0.037026 1
0.186527 1
0.091965 1
0.316885 1
0.264498 1
0.191602 1
0.074630 1
0.068516 1
0.153707 1
0.107240 1
2.350140 1
0.206074 1
0.148086 1
0.066966 1
0.126753 1
0.026240 4
0.301008 1
0.767178 1
0.121614 1
0.112833 1
0.146783 1
0.208468 1
0.304608 1
0.084567 1
0.222996 1
0.156870 1
0.588676 1
0.101530 1
0.090628 1
0.108511 1
0.059484 1
0.090112 1
0.105266 1
0.057598 1
0.102196 1
0.030061 1
0.051158 1
0.260462 1
0.163671 1
0.154527 1
0.180575 1
0.127278 1
0.069617 1
0.028884 1
0.046009 1
0.114488 1
0.139861 1
0.090310 1
0.072071 1
0.106017 1
0.047190 1
0.113031 1
0.062423 1
0.180830 1
0.096846 1
0.144590 1
0.158992 1
0.305983 1
0.249862 1
0.197907 1
0.163796 1
0.052206 1
0.117907 1
0.104397 1
0.043402 1
0.095515 1
0.346973 1
0.541461 1
0.086721 1
0.166570 1
0.138299 1
0.153323 1
0.074217 1
0.120055 1
0.225932 1
0.446146 1
0.148380 1
0.100472 1
0.410212 4
1.134580 1
0.832721 1
0.184503 4
0.265819 1
2.921395 1
0.098195 1
0.061472 1
0.075314 1
0.184340 1
0.066856 1
0.202425 1
0.035009 1
0.096520 1
0.099843 1
0.109224 1
0.098114 1
0.151040 1
0.060621 1
0.139153 1
0.300457 1
0.212845 1
0.130658 1
0.098879 1
0.110073 1
0.069711 1
0.547703 1
0.154401 1
0.062963 1
0.155889 1
0.080355 1
0.109937 1
0.048024 1
0.326630 1
0.313615 1
0.108975 1
0.155919 1
0.332079 1
0.072152 1
0.155129 1
0.446418 1
0.185460 1
0.179457 1
0.047731 1
0.082147 1
0.270594 1
0.186109 1
0.109933 1
0.151541 1
0.230232 1
0.077461 1
0.110528 1
0.076373 1
0.501064 1
1.091158 1
0.078195 1
0.033229 1
0.106125 1
0.204855 1
0.066428 1
0.091379 1
0.346954 1
0.158739 1
0.099342 1
0.618945 3
0.831218 1
0.108690 1
0.321314 1
0.116975 1
0.690857 1
0.812300 3
0.603205 1
0.094713 1
0.164466 1
0.060915 1
0.077724 1
0.231203 1
0.097236 1
0.098974 1
0.117067 1
0.160307 2
0.624023 41
0.000903 2
0.000033 35
0.346746 1
1.258575 1
0.073213 1
0.087703 1
0.113057 1
0.065826 1
0.149445 1
0.071726 1
0.098922 2
0.305673 44
0.000172 2
3.657794 43
0.881633 2
0.000074 38
0.000035 2
0.000024 47
0.000394 47
0.000034 47
0.000028 47
0.000027 47
0.000024 47
0.000020 47
0.041433 47
0.000059 47
0.000028 28
0.000020 20
0.000021 48
0.000019 48
0.000020 48
0.000019 48
0.000020 48
0.000021 51
0.000021 2
0.000017 34
0.001969 34
0.000149 34
0.000197 34
0.000162 34
0.000241 34
0.000492 34
0.000479 34
0.038622 34
0.000159 35
0.000172 35
0.000149 35
0.000135 35
0.000427 35
0.000185 35
0.000142 35
0.000150 35
0.000131 35
0.000128 51
0.001697 35
0.000212 35
0.000164 35
0.000148 35
0.000190 35
0.000235 35
0.000135 35
0.000155 35
0.000149 35
0.000146 35
0.000150 35
0.000155 35
0.000563 35
0.000151 35
0.000155 35
0.000124 35
0.000184 35
0.000149 35
0.000180 35
0.000198 35
0.000161 35
0.000590 35
0.000200 35
0.000409 35
0.000570 38
0.000038 2
0.000020 2
0.014554 1
2.401056 1
0.164889 1
0.063677 1
0.147690 1
0.064634 1
0.039329 1
0.111906 20
0.076796 4
1.674347 1
0.653207 1
0.205234 1
0.257950 1
0.060967 1
0.087124 8
0.138459 2
0.749679 49
0.005280 21
0.002141 2
0.000097 39
0.953422 2
0.000075 47
0.000568 47
0.000050 47
0.000040 28
0.000028 19
0.000026 47
0.000024 47
0.000025 47
0.000021 47
0.000022 47
0.041355 48
0.000055 48
0.000023 48
0.000021 48
0.000020 48
0.000020 48
0.000027 48
0.000021 48
0.000020 48
0.000021 48
0.000022 48
0.000021 48
0.000020 48
0.000021 48
0.000020 48
0.000021 48
0.000019 48
0.000032 48
0.000021 48
0.000020 48
0.000019 48
0.000020 48
0.000019 48
0.000021 48
0.000019 48
0.000019 48
0.000020 48
0.000019 48
0.000020 48
0.000019 48
0.000019 48
0.000021 48
0.000029 48
0.000022 48
0.000021 48
0.000021 48
0.000020 48
0.000021 48
0.000020 51
0.000021 2
0.000017 35
0.001177 35
0.000052 35
0.000059 35
0.000042 35
0.000049 35
0.000053 36
0.000051 36
0.000050 36
0.000051 36
0.000049 36
0.000035 36
0.000048 36
0.000039 36
0.000047 36
0.000050 36
0.000071 36
0.000036 36
0.000041 36
0.000038 36
0.000037 36
0.000035 36
0.000024 36
0.000033 36
0.000025 36
0.000024 36
0.000022 36
0.000026 36
0.000042 36
0.000028 36
0.000024 36
0.000023 36
0.000023 36
0.000022 36
0.000023 36
0.000023 36
0.000022 36
0.000032 36
0.000024 36
0.000023 36
0.000022 36
0.000023 36
0.000023 36
0.000023 36
0.000044 36
0.000043 36
0.000040 36
0.000051 36
0.000046 36
0.041604 36
0.000215 36
0.000138 36
0.000046 36
0.000055 36
0.000077 36
0.000077 36
0.000113 36
0.000049 36
0.000123 36
0.000056 36
0.000093 36
0.000036 36
0.000061 36
0.000067 58
0.041293 36
0.000154 37
0.000060 37
0.000075 37
0.000064 37
0.000079 37
0.000067 37
0.000080 37
0.000060 37
0.000052 37
0.000119 37
0.000047 37
0.000047 37
0.000046 37
0.000046 37
0.000064 37
0.000055 37
0.000041 37
0.000037 37
0.000043 37
0.000042 37
0.000044 37
0.000043 37
0.000039 37
0.000041 37
0.000036 37
0.000052 37
0.000043 37
0.000043 37
0.000036 37
0.000041 37
0.000040 37
0.000038 37
0.000101 37
0.000054 37
0.000032 37
0.000023 37
0.000049 37
0.000024 51
0.000031 2
0.000016 34
0.000130 35
0.000182 35
0.000132 35
0.000076 35
0.000051 35
0.000039 35
0.000116 35
0.000526 35
0.000063 35
0.000127 36
0.000281 36
0.000104 39
0.000026 2
0.000020 27
0.029423 41
0.001689 75
14.493275 25
0.838299 1
0.991079 1
0.183029 1
0.097354 1
0.135083 1
0.032372 1
0.055148 1
0.144460 1
0.069735 1
0.347562 1
0.210810 1
0.157272 1
0.065450 1
0.126112 1
0.185640 59
0.520014 1
1.349909 1
0.194999 1
0.135699 1
0.073542 1
0.110277 1
0.168287 1
0.119959 1
0.058388 1
0.123840 1
0.112857 1
0.071954 1
0.142448 1
0.110162 1
0.091714 1
0.939437 1
0.725355 1
0.156901 1
0.112498 1
0.099429 3
1.122601 3
0.155964 3
0.170681 3
0.213187 1
0.370091 1
0.109931 1
0.110431 1
0.179958 1
0.409252 1
0.597880 1
0.068911 1
0.173537 1
0.155917 1
0.745427 1
0.753601 1
0.144625 1
0.112626 1
0.097986 1
0.168242 1
0.132662 1
0.295271 1
0.145033 1
0.424569 1
0.215828 1
0.118502 1
0.093772 1
0.086274 1
0.115526 1
0.166172 1
0.078747 1
0.115347 1
0.236811 1
0.218165 1
0.268664 1
0.078439 99
1.985168 2
0.001111 4
2.780209 1
0.319622 1
0.273451 1
0.236616 1
0.198116 1
0.118103 1
0.666650 1
0.137107 1
0.086531 1
0.074773 1
0.137868 1
0.067320 1
0.096570 1
0.140622 1
0.102527 1
0.114632 1
0.104701 1
0.482026 1
0.151805 1
0.102210 1
0.093786 1
0.063519 1
0.053705 1
0.400476 1
0.070435 1
0.132794 1
0.130361 1
0.086191 1
0.089932 1
0.062640 1
0.165895 1
0.435147 1
0.861953 1
0.130626 1
0.198873 1
0.172967 1
0.156437 1
0.132100 1
0.096997 1
0.159192 1
0.543362 1
0.188546 1
0.270504 1
0.279626 1
0.116929 1
0.145551 1
0.685979 1
0.534853 1
0.133365 1
0.128322 1
0.103187 1
0.131180 1
0.059058 1
0.121470 1
0.079027 1
0.084360 1
0.115973 1
0.120560 1
0.106011 1
0.110437 1
0.134336 1
0.183361 4
0.886464 1
0.257041 1
0.144445 1
0.113233 1
0.303137 1
0.307435 1
0.191677 3
0.296351 3
0.145428 3
0.157152 1
0.304506 1
0.301142 1
0.187282 1
0.125194 1
0.086569 1
0.120186 1
0.178460 1
0.122830 1
0.066688 1
0.105545 1
0.156872 4
0.603626 1
1.226539 1
0.053513 1
0.152276 1
0.090396 1
0.066810 1
0.087630 1
0.219356 1
0.108241 1
0.121163 1
0.099802 1
0.356987 1
0.117385 1
0.128392 1
0.070157 1
0.227455 1
0.150297 1
0.070175 1
0.125160 1
0.067131 1
0.075345 1
0.110342 1
0.083372 1
0.101740 1
0.117065 1
0.118284 1
0.086086 1
0.131485 1
0.155690 1
0.219384 1
0.104520 1
0.149659 2
0.214380 52
0.564483 2
0.000143 33
0.074459 65
0.065832 105
1.558852 2
0.000063 61
0.243472 2
0.000082 30
0.000074 2
0.000044 32
0.001641 2
0.000037 29
0.021866 57
0.032982 2
0.060551 1
1.044780 1
0.064709 1
0.155662 1
0.096740 1
0.077712 1
0.061035 1
0.163214 1
0.103907 1
0.118484 1
0.107230 1
0.215472 1
0.112140 1
0.126013 3
0.837598 1
0.212386 1
0.039822 1
0.664014 1
0.156053 1
0.094841 1
0.108226 1
0.038272 1
0.082720 1
0.160331 1
0.060398 1
0.091019 1
0.108093 1
0.125780 1
0.095309 1
0.645158 1
0.217177 1
0.136277 1
0.085215 1
0.126421 1
0.380769 1
0.085480 1
0.129192 1
0.302897 2
0.563783 56
0.565504 2
0.000135 33
0.064332 69
0.063773 114
0.274718 2
0.000106 65
0.548095 2
0.000063 30
0.000054 2
0.000028 37
0.004711 2
0.000038 29
0.025816 61
0.032974 57
0.042156 2
0.000086 33
0.062568 70
0.070238 116
12.512685 2
0.000065 66
0.149833 2
0.000081 30
0.000073 2
0.000046 38
0.001156 2
0.000055 29
0.027028 62
0.039118 58
0.048125 2
0.000112 33
0.062381 71
0.064854 117
1.842631 2
0.000084 67
0.245211 2
0.000090 30
0.000080 2
0.000048 38
0.001988 2
0.000056 29
0.023928 63
0.051064 55
0.058198 2
0.000098 33
0.109403 68
0.110010 111
2.626773 2
0.000085 64
0.125879 2
0.000065 30
0.000054 2
0.000028 35
0.001034 2
0.000050 29
0.041634 60
0.050673 2
0.089025 1
3.626219 1
0.127447 1
0.309653 1
0.182631 1
0.211202 1
0.157505 3
0.377076 3
0.176116 3
0.137742 1
0.143261 1
0.095371 1
0.176303 1
0.118050 1
0.185480 1
0.148891 1
0.096638 1
0.222193 1
0.155781 1
0.041074 1
0.102078 1
0.269409 1
0.383573 1
0.059522 1
0.091559 1
0.063883 1
0.126030 1
0.171642 1
0.104716 1
0.064603 1
0.172001 1
0.256777 1
0.125542 1
0.119058 1
0.130769 1
0.268164 1
0.118002 1
0.121369 1
0.076559 1
0.420303 1
0.088879 1
0.063400 1
0.066709 1
0.094951 1
0.130414 1
0.069301 1
0.047484 1
0.085892 1
0.092898 1
0.061256 1
0.136912 1
0.085633 1
0.000775 1
0.214974 1
0.131630 1
0.057217 1
0.056962 1
0.139759 3
0.561300 3
0.139127 3
0.143948 3
0.152243 3
0.128795 3
0.433682 3
0.148940 1
0.208255 1
0.195910 1
0.134204 1
0.176593 1
0.074341 1
0.034964 2
0.146939 3
0.664499 3
0.139867 1
0.063291 1
0.077668 1
0.136873 1
0.164487 1
0.047617 1
0.106488 1
0.114265 1
0.024314 1
0.207241 4
0.227813 1
1.066870 1
0.053597 1
0.147080 1
0.099986 1
0.064914 1
0.076551 1
0.126103 1
0.097272 1
0.123374 1
0.121797 1
0.391619 1
0.097776 1
0.123087 1
0.095584 1
0.490322 1
0.182091 1
0.128010 1
0.278098 1
0.149154 1
0.053875 1
0.097441 1
0.161930 1
0.119265 1
0.103290 1
0.085851 1
0.142078 1
0.184873 1
0.078458 1
0.031571 1
0.174929 1
0.451086 1
0.161979 1
0.110737 1
0.196446 1
1.434515 1
0.246525 1
0.135356 1
0.236359 1
0.044907 1
0.127722 1
0.087005 1
0.054045 1
0.082606 1
0.145396 1
0.197104 1
0.122501 1
0.146349 1
0.099384 1
0.111625 1
0.148819 1
0.145719 1
0.574974 1
0.220699 1
0.204122 1
0.161441 1
0.092547 1
0.104802 2
0.293209 30
0.686435 2
0.000060 31
0.474032 2
0.000072 31
3.527483 2
0.000130 30
0.693774 2
0.000062 30
0.867833 2
0.000061 21
0.617975 2
0.000064 2
0.085792 1
3.470063 3
0.649172 1
0.824695 1
0.167174 1
0.206278 3
0.358608 1
0.244900 1
0.392399 1
0.130815 1
0.099013 1
0.163016 1
0.058067 1
0.106255 1
0.046523 1
0.501745 1
0.181964 1
0.066061 1
0.149268 1
0.070056 1
0.232662 1
0.188750 1
0.100700 1
0.115192 1
0.924435 1
0.462840 1
0.064763 1
0.120345 1
0.092592 1
0.077337 1
0.165179 1
0.104316 1
0.074963 1
0.106053 1
0.066799 1
0.076830 1
0.160475 1
0.212341 1
0.201249 1
0.392023 1
0.104030 1
0.169454 1
0.082309 1
0.082709 1
1.206460 1
0.183589 1
0.046897 1
0.222520 1
0.112653 1
0.183130 1
0.134715 4
1.428901 1
0.554918 1
0.178117 1
0.274876 1
0.243690 1
0.243370 1
0.110814 1
0.103253 1
0.048791 1
0.118212 1
0.573067 1
0.129611 1
0.711051 1
0.395876 1
0.093815 1
0.105125 1
0.135431 1
0.177945 1
0.633075 1
0.821166 1
0.197548 1
0.156806 1
0.203214 1
0.420340 1
0.151877 1
0.321973 1
0.157396 1
0.264214 1
0.507681 1
0.236510 1
0.215253 1
0.121400 1
0.103407 1
0.313650 2
0.747951 123
1.079181 2
0.000218 26
0.000050 2
0.000025 2
0.000022 70
0.014408 2
0.000200 34
0.008510 2
0.000152 80
0.000049 2
0.000027 73
0.000019 2
0.000025 77
0.000018 2
0.000017 8
0.000016 2
0.000016 2
0.000015 68
0.000016 2
0.000017 2
0.000016 3
0.000022 2
0.000024 46
0.000017 2
0.000021 30
0.000016 2
0.000016 2
0.000015 46
0.000032 2
0.000030 22
0.000019 2
0.000016 3
0.000016 2
0.000015 2
0.000015 72
0.000016 2
0.000017 34
0.000018 2
0.000016 2
0.000016 3
0.000020 2
0.000015 60
0.000023 2
0.000016 3
0.000016 2
0.000015 2
0.000023 80
0.000016 2
0.000016 2
0.000016 41
0.045568 2
0.000107 54
0.000147 2
0.000030 56
0.000062 2
0.000027 118
1.761994 2
0.000124 70
0.341469 2
0.000287 55
0.000105 2
0.000031 78
0.000080 2
0.000029 69
0.000358 2
0.000067 69
0.000064 2
0.000026 64
0.000095 2
0.000023 56
0.000092 2
0.000021 58
0.000063 2
0.000021 177
0.009100 63
0.108800 2
0.000104 28
0.001086 2
0.000253 97
0.022444 104
0.018741 2
0.000121 98
0.036416 2
0.000120 101
0.044124 107
0.018654 101
0.017801 110
0.018542 95
0.033088 2
0.000371 101
0.021839 101
0.017973 97
0.028209 106
0.052012 100
0.022573 101
0.017403 107
0.018520 101
0.017487 110
0.019024 97
0.016968 101
0.028013 101
0.039410 104
0.018654 99
0.021950 99
0.035987 96
0.029675 2
0.000100 96
0.021588 101
0.016625 89
0.028010 92
0.019763 90
0.036241 87
0.018629 132
0.017363 26
0.010727 2
0.000067 25
0.000231 2
0.000033 47
0.000055 108
0.000171 2
0.000039 61
6.189560 2
0.000058 84
4.838103 2
0.000099 17
0.000209 2
0.000070 47
0.000250 108
0.000264 2
0.000069 61
3.086330 2
0.000076 84
4.614701 2
0.000058 17
0.000097 2
0.000030 47
0.000117 108
0.000159 2
0.000030 61
3.017705 2
0.000077 84
4.559111 2
0.000062 17
0.000097 2
0.000041 47
0.000117 108
0.000160 2
0.000035 61
2.850617 2
0.000077 84
5.906188 2
0.000058 17
0.000130 2
0.000033 56
0.000130 117
0.000195 2
0.000032 80
1.352823 2
0.000059 17
0.000222 2
0.000055 54
0.000175 115
0.000186 2
0.000031 72
1.149287 2
0.000068 17
0.000100 2
0.000031 53
0.000140 114
0.000190 2
0.000034 66
3.171001 2
0.000058 17
0.000098 2
0.000031 57
0.000129 118
0.000164 2
0.000030 70
2.428966 2
0.000059 17
0.000115 2
0.000033 93
0.000235 2
0.000030 75
0.000107 2
0.000029 2
0.001890 21
0.000032 2
0.000028 57
0.000059 2
0.000022 25
0.000050 2
0.000020 4
0.000016 2
0.000019 58
0.000054 2
0.000022 71
0.000116 2
0.000039 2
0.868460 4
3.179140 1
1.192684 1
0.308113 1
0.304240 1
0.103157 1
0.094111 1
0.082523 1
0.177595 1
0.069195 1
0.109545 1
0.457201 1
0.170860 1
0.053276 1
0.125472 1
0.220987 1
0.599627 1
0.156309 1
0.081377 1
0.181418 1
0.142625 1
0.096373 1
0.394015 1
0.096992 1
0.166729 1
0.146688 1
0.095800 1
0.136501 1
0.322136 1
0.163810 1
0.105788 1
0.121332 1
0.105203 1
0.101636 1
0.155459 1
0.055528 1
0.065226 1
0.108060 1
0.357412 1
0.129204 1
0.040753 1
0.057563 1
0.068511 1
0.143947 1
0.138860 3
0.323113 3
0.175541 3
0.351620 1
0.376769 3
0.377630 1
0.166542 1
0.658642 1
0.157957 1
0.083811 1
0.236058 1
0.057420 1
0.043359 1
0.140209 1
0.088895 1
0.123884 1
0.087708 1
0.112497 1
0.064038 1
0.135773 1
0.089236 1
0.097607 1
0.069259 1
0.138337 1
0.162151 1
0.093890 1
0.066267 1
0.150836 1
0.092024 1
0.325596 1
0.059622 1
0.087625 1
0.080235 1
0.092932 1
0.121407 1
0.069445 1
0.106649 1
0.093408 1
0.095554 4
0.402642 1
0.326224 1
0.127419 1
0.123475 1
0.088965 1
0.100406 1
0.115663 1
0.101936 1
0.075986 1
0.203950 1
0.134601 1
0.262200 1
0.154789 1
0.104781 1
0.118111 1
0.138415 1
0.167657 1
0.044735 1
0.109778 3
0.204690 3
0.493032 3
0.049463 3
0.055535 3
0.044667 3
0.051459 3
0.055266 3
0.045131 3
0.050946 3
0.442972 1
0.304749 1
0.121872 1
0.094082 1
0.178397 1
0.129680 1
0.087862 1
0.130236 1
0.102342 1
0.120049 1
0.058023 1
0.073028 1
0.570872 1
0.497141 1
0.125543 1
0.357804 1
0.122572 1
0.114639 1
0.115264 1
0.045929 1
0.116590 1
0.055856 1
0.093156 1
0.114210 1
0.117095 1
0.076058 1
0.084827 1
0.183226 1
0.072629 1
0.086904 1
0.081734 1
0.155778 1
0.150858 1
0.124925 1
0.084898 1
0.197177 1
0.138155 3
0.859528 3
0.231376 1
0.272013 1
0.116134 1
0.114648 1
0.091386 1
0.155385 1
0.163108 1
0.175685 1
0.178029 1
0.106377 1
0.084659 1
0.078017 1
0.260471 1
0.156058 1
0.141761 1
0.053737 1
0.126845 1
0.072877 1
0.124252 1
0.077962 1
0.043734 1
0.095222 1
0.145332 1
0.148876 1
0.114137 1
0.087183 1
0.149394 1
0.081320 1
0.072206 1
0.224422 1
0.108552 1
0.146053 1
0.198924 1
0.068148 1
0.069568 1
0.123268 4
0.581304 1
0.412543 1
0.698016 1
0.820391 1
0.070630 1
0.072189 1
0.075614 1
0.054406 1
0.125598 1
0.089418 1
0.191627 1
0.109215 1
0.117341 1
0.182248 1
0.105653 1
0.156188 1
0.184418 1
0.105961 1
0.075606 1
0.127784 1
0.110831 1
0.153673 1
0.156451 1
0.141362 1
0.072619 1
0.081252 1
0.114830 1
0.391032 1
0.099570 1
0.125650 1
0.081595 1
0.547985 1
0.114212 1
0.316988 1
0.234072 1
0.213112 1
0.090526 1
0.074605 1
0.046832 1
0.037528 1
0.101402 1
0.068413 1
0.096266 1
0.098498 1
0.074661 1
0.175586 1
0.534192 1
0.080597 1
0.101204 1
0.122391 1
0.267886 1
0.200284 1
0.188580 1
0.195297 1
0.126521 1
0.198531 1
0.078557 3
0.368725 1
0.048214 1
0.085828 1
0.085183 1
0.080740 1
0.090892 1
0.096982 1
0.144184 1
0.084723 1
0.205741 1
0.101481 1
0.552211 1
0.089162 1
0.662947 4
0.869160 1
0.301600 1
0.118822 1
0.256355 1
0.111034 1
0.217128 1
0.054742 3
0.707690 3
0.133291 1
0.027615 1
0.107962 1
0.094979 1
0.750715 1
0.409859 1
0.094179 1
0.100186 1
0.016700 1
0.153111 1
0.052584 1
0.146354 1
0.086766 1
0.159712 1
0.155038 1
0.142099 1
0.087264 1
0.130912 1
0.121038 1
0.181448 1
0.086667 1
0.107360 1
0.091617 1
0.032905 1
0.128683 1
0.015617 1
0.337408 1
0.079234 1
0.062158 1
0.134963 1
0.133467 1
0.066671 1
0.078902 1
0.111989 1
0.106572 1
0.078899 1
0.101526 1
0.155079 1
0.152413 1
0.098060 1
0.257954 1
0.069104 1
0.091086 1
0.183896 1
0.052017 1
0.184719 1
0.103669 1
0.103304 1
0.153573 1
0.146982 1
0.075217 1
0.113623 1
0.101650 1
0.074803 1
0.081683 1
0.079924 1
0.065839 1
0.057973 1
0.084705 1
0.063359 1
0.066134 1
0.204281 1
0.144524 1
0.094313 1
0.120056 1
0.600889 1
0.251229 1
0.224481 1
0.060154 1
0.192393 1
0.175898 1
0.066069 4
0.131034 1
0.914937 1
1.848120 1
0.238848 1
0.121616 1
0.122947 1
0.086971 1
0.722780 1
0.395128 1
0.289388 1
0.070827 1
0.114654 1
0.046090 1
0.127965 1
0.141551 1
0.160334 1
0.034776 1
0.204506 1
0.100096 1
0.096504 1
0.256589 1
0.091371 1
0.151227 1
0.206687 1
0.092591 1
0.118471 1
0.127559 1
0.262145 1
0.139350 1
0.107586 1
0.192457 1
0.132195 1
0.124140 1
0.107844 1
0.076316 1
0.109467 1
0.143009 1
0.096731 1
0.139292 1
0.095671 1
0.095799 1
0.112422 1
0.167530 1
0.333128 1
0.109334 1
0.123610 1
0.119951 1
0.134576 1
0.198536 1
0.027596 1
0.050418 1
0.108059 1
0.107618 1
0.086126 1
0.698189 1
0.559372 1
1.138062 1
0.155496 1
0.018974 1
0.114448 1
0.113104 1
0.124638 1
0.250173 3
0.582681 3
0.280634 1
0.930189 1
0.306607 1
0.098892 1
1.340934 1
0.063132 1
0.115741 1
0.069878 1
0.098796 1
0.164218 1
0.280449 1
0.125383 1
0.137656 1
0.064945 1
0.125572 1
0.105035 4
0.361235 1
0.958940 1
0.651150 1
0.384943 1
0.150603 1
0.159016 1
0.143668 1
0.087049 1
0.086633 1
0.154121 1
0.459594 1
0.297050 1
0.131963 1
0.345533 1
0.268525 1
0.183806 1
0.087089 1
0.080343 1
0.063811 1
0.162515 1
1.255541 1
0.605310 1
0.236362 1
0.110213 1
0.084515 1
0.059421 1
0.194292 1
0.107664 1
0.160069 1
0.200548 1
0.190389 1
0.032202 1
0.171997 1
0.157607 1
0.240550 1
0.423502 1
0.069917 1
0.072834 1
0.086175 1
0.111293 1
0.115396 1
0.044985 1
0.209682 1
0.170617 1
0.233576 1
0.105080 1
0.091153 1
0.167812 1
0.063144 1
0.106226 1
0.070653 1
0.072400 1
0.142613 1
0.128804 1
0.153923 1
0.145943 1
0.075679 1
0.164834 1
0.045798 1
0.052500 1
0.118367 1
0.097036 1
0.055895 1
0.137509 1
0.090670 1
0.209989 1
0.222333 1
0.148418 1
0.186297 1
0.108946 1
0.114704 1
0.090752 1
0.094355 1
0.107674 1
0.092844 4
0.218663 1
0.342555 1
0.133972 1
0.219979 1
0.195218 1
0.094845 1
0.126527 1
0.113763 1
0.051262 1
0.106679 1
0.335513 1
0.108804 1
0.088514 1
0.101952 1
0.121485 1
0.100068 1
0.074437 1
0.130580 1
0.067184 1
0.032918 1
0.083903 1
0.246126 1
0.106148 1
0.077129 1
0.060839 1
0.106934 1
0.144305 1
0.083778 1
0.092674 1
0.088377 1
0.225963 4
0.886006 4
0.615025 1
0.256207 1
0.154514 1
0.397218 1
0.200526 1
0.192661 1
0.121291 1
0.089509 1
0.070097 1
0.164972 1
0.861816 1
0.168881 1
0.063980 1
0.235798 1
0.122661 1
0.102905 1
0.062431 1
0.061800 1
0.117619 1
0.825008 1
0.092658 1
0.110025 1
0.114639 1
0.053103 1
0.106641 1
0.043841 1
0.128980 1
0.061896 1
0.074676 1
0.087786 1
0.138100 1
0.182899 1
0.092375 1
0.170720 1
0.160350 1
0.113906 1
0.152107 1
0.086450 1
0.069855 1
0.081282 1
0.131219 1
0.151661 1
0.076153 1
0.076581 1
0.118552 1
0.052322 1
0.157014 1
0.082993 1
0.120542 1
0.040765 1
0.100810 1
0.108742 1
0.098248 1
0.108017 1
0.081657 1
0.107241 1
0.045907 1
0.617038 1
0.076295 1
0.098406 1
0.074767 1
0.271662 1
0.139357 1
0.175030 1
0.038304 2
0.272291 1
0.122615 1
0.253180 1
0.108899 4
1.176093 1
0.483141 1
0.167248 1
0.093058 1
0.173602 1
0.036931 1
0.092277 1
0.738400 1
0.525891 1
0.388430 1
0.049735 1
0.115652 1
0.219345 1
0.089178 1
0.069293 1
0.087178 1
0.193896 1
0.061195 1
0.074057 1
0.119634 1
0.121026 1
0.124993 1
0.100461 1
0.169467 1
0.194591 1
0.555043 1
0.182627 1
0.074844 1
0.114961 1
0.101627 1
0.188084 1
0.601277 1
0.229205 1
0.178619 1
0.226453 1
0.104434 1
0.095013 1
0.098400 1
0.194013 1
0.157060 1
0.093334 1
0.152609 1
0.093738 1
0.150370 1
0.444818 1
0.345155 1
0.229858 2
0.436704 72
1.679379 2
0.000086 76
0.000175 2
0.000031 76
0.000162 2
0.000030 75
0.000166 2
0.000029 76
0.000162 2
0.000042 2
0.020927 4
4.422752 1
0.450503 1
0.549197 1
0.308842 3
0.544474 1
1.163479 1
0.179307 1
0.086814 1
0.562451 1
0.136019 1
1.363017 3
0.529173 1
0.188521 1
0.089515 1
0.064888 1
0.081409 1
0.092795 1
0.108524 1
0.085376 1
0.089687 1
0.168912 1
0.105399 1
0.107504 1
0.267498 1
0.152645 1
0.123471 1
0.089318 1
0.070486 1
0.070167 1
0.137166 1
0.060765 1
0.091064 1
0.105315 1
0.153921 1
0.156561 1
0.186821 1
0.158190 1
0.166370 1
0.141583 1
1.075488 1
0.055636 1
0.060920 1
0.093001 1
0.065779 1
0.217133 1
0.093965 1
0.107085 1
0.161471 1
0.080351 1
0.216391 3
0.446809 1
0.131876 1
0.170258 1
0.064815 1
0.127203 1
0.059233 1
0.093546 1
0.224814 1
0.100518 1
0.126630 1
0.072543 1
0.040111 1
0.105830 1
0.092213 1
0.074751 1
0.048489 1
0.292064 1
0.158297 1
0.074318 1
0.635651 1
0.154807 1
0.244836 1
0.212245 1
0.057921 1
0.195813 1
0.162534 1
0.058692 1
0.207301 4
0.934492 1
0.555960 1
0.051023 1
0.144970 1
0.094415 1
0.040121 1
0.083032 1
0.207486 1
0.107465 1
0.053680 1
0.185422 1
0.134677 1
0.332840 1
0.057175 1
0.142666 1
0.132649 2
0.999084 11
0.583437 2
0.000055 11
0.000023 2
0.000021 11
0.000021 2
0.000021 11
0.000020 2
0.000021 2
0.012723 4
3.998386 1
0.473377 1
0.207267 1
0.796669 1
0.063636 1
0.077684 1
0.083981 1
0.174467 1
0.094124 1
0.206736 1
0.327017 1
0.547019 1
0.091603 1
0.179992 1
0.138629 1
0.122032 1
0.333288 1
0.138457 1
0.068192 1
0.084998 1
0.095860 1
0.091638 1
0.070722 1
0.131089 1
0.066306 1
0.065096 1
0.113407 1
0.090275 1
0.082817 1
0.068983 1
0.051012 1
0.188114 1
0.143621 1
0.072015 1
0.079131 1
0.153055 1
0.114041 1
0.067979 1
0.135038 1
0.095178 1
0.198741 1
0.048249 1
0.195447 1
0.068131 1
0.144698 1
0.315832 1
0.088442 1
0.204057 1
0.223588 1
0.096719 1
0.087903 1
0.120227 1
0.095541 1
0.178136 1
0.148137 1
0.139692 1
0.121527 1
0.085435 1
0.144393 1
0.116072 1
0.136996 1
0.109985 1
0.084100 1
1.275382 1
0.134283 1
1.672933 1
0.204728 1
0.133044 1
0.108075 1
0.072132 1
0.142931 1
0.140512 1
0.086001 4
2.470999 1
0.375772 1
0.205455 1
0.578658 1
0.047888 1
0.559484 1
0.102506 1
0.142605 1
0.059420 1
0.118246 4
1.690530 1
2.731752 1
0.098950 1
0.350687 1
1.054209 1
0.289038 1
1.023314 1
0.243817 1
0.118642 1
0.145344 1
0.096556 1
0.042116 1
0.116671 1
0.285082 1
0.131322 1
0.030511 1
0.181269 1
0.208462 1
0.087354 1
0.076870 1
0.483222 1
1.063343 1
0.104938 1
0.092492 1
0.667754 1
0.296180 1
0.158655 1
0.179513 1
0.102312 1
0.062723 1
0.069784 1
0.159358 1
0.148778 1
0.116711 1
0.085012 1
0.060847 1
0.146534 1
0.973006 1
0.403672 1
0.115895 1
0.090315 1
0.129443 1
0.101885 1
0.096185 1
0.099976 1
0.160656 1
0.190716 1
0.061510 1
0.157708 1
0.096573 1
0.086271 1
0.615483 1
0.129455 1
0.191351 1
1.231979 1
0.194266 1
0.118006 1
0.113213 1
0.145691 1
0.059033 1
0.082434 1
0.029480 1
0.254266 1
0.067591 1
0.695059 1
0.203446 1
0.144515 1
0.241046 1
0.057158 1
0.235792 1
0.161708 1
0.144249 1
0.195486 1
0.128139 1
0.392855 1
0.200435 1
0.106641 1
0.797521 3
0.245250 1
0.758848 1
0.619071 1
0.083138 1
0.081299 1
0.055880 1
0.103409 1
0.098848 1
0.190764 1
0.168450 1
0.421972 1
0.347112 1
0.615178 2
0.560666 2
1.421882 1
1.115568 1
0.184423 1
0.077074 1
0.074106 1
0.105947 1
0.263117 1
0.277324 1
0.053503 20
0.306903 1
2.145857 2
0.165206 1
0.042174 1
0.103884 1
0.135822 1
0.056513 1
1.001570 1
0.166694 1
0.456166 1
0.199312 1
0.221932 1
0.239842 1
0.677193 1
0.478241 1
0.189049 1
0.196308 1
0.108689 1
0.115944 1
0.116637 1
0.131712 1
0.197067 1
0.162227 1
0.466331 1
0.294136 1
0.150824 1
0.105069 1
0.151013 1
0.193308 1
0.400915 1
0.240224 1
0.147852 1
0.907459 1
0.599913 1
0.047327 1
1.376580 1
0.426863 1
0.197649 1
0.113818 1
0.120032 1
0.166184 1
0.039401 1
0.074012 1
0.105237 1
0.222795 1
0.449804 1
0.217119 1
0.109213 1
0.070852 1
0.139796 1
0.060992 1
1.105723 1
0.144696 1
0.098736 1
0.088659 1
0.107219 1
0.142912 1
0.095338 1
0.145066 1
0.216129 1
0.178593 1
0.270185 1
0.120451 1
0.112481 1
0.131252 1
0.032023 1
0.071454 2
1.947800 30
0.007702 30
0.511589 30
0.509691 30
0.509565 30
0.509600 30
0.509363 30
0.509012 30
0.509505 30
0.510164 30
0.509778 30
0.509368 30
0.509103 30
0.511489 30
0.509420 30
0.513500 2
0.031537 4
0.000341 4
2.035237 1
0.285740 1
0.174569 1
0.222661 1
0.106619 1
0.249005 1
0.152241 1
0.171382 1
0.190157 1
0.134342 1
0.532512 1
0.204882 4
0.847639 1
1.193100 1
0.164963 1
0.141002 1
0.112186 8
